[03/09/19 08:37:05.142] Images C:\GrepNova\FITS\REF\17588.fts and C:\GrepNova\FITS\NEW\17588.fts aligned
[03/09/19 08:37:05.242] Aligning transformation: dx=-371,0742 dy=70,43827 a=3,337422


[03/09/19 08:37:19.519] Running Python 'FindStars'
[03/09/19 08:37:20.424] [[3202 3170 3161 ..., 3135 3192 3126]
[03/09/19 08:37:20.425] 
 [3202 3229 3166 ..., 3178 3170 3137]
[03/09/19 08:37:20.426] 
 [3213 3203 6441 ..., 6421 6309 3108]
[03/09/19 08:37:20.427] 
 ..., 
[03/09/19 08:37:20.428] 
 [3250 3149 6422 ..., 6243 6213 3169]
[03/09/19 08:37:20.430] 
 [3157 3197 6342 ..., 6355 6362 3201]
[03/09/19 08:37:20.432] 
 [3198 3198 3288 ..., 3072 3190 3105]]
[03/09/19 08:37:20.433] 
data[[0, 543.53593816096793, 3.5222572153259475, 0.89872258901596069, 0.67534583806991577, 0.35777434706687927], [1, 16.426224773551461, 4.1418169083124443, 1.3832674026489258, 0.69169288873672485, 0.67070293426513672], [2, 742.61060791615841, 6.1840531825338552, 0.76127183437347412, 0.44266319274902344, -1.2343133687973022], [3, 715.56745305446714, 3.1148760583569106, 1.8920766115188599, 1.5328314304351807, -0.24079087376594543], [4, 143.9230197713585, 8.8861357357266737, 2.2673079967498779, 1.6995435953140259, 1.0080525875091553], [5, 665.06699509318946, 12.380313363262641, 1.9679782390594482, 1.6718736886978149, -1.1845964193344116], [6, 698.40099515233317, 15.020166356454325, 1.4324148893356323, 0.95153254270553589, -0.85924053192138672], [7, 4.3786849086177426, 15.595081866403797, 1.4481223821640015, 0.93803244829177856, 1.3874123096466064], [8, 181.18839590288297, 19.370917556465873, 0.76038616895675659, 0.44579771161079407, 0.30676531791687012], [9, 198.80460132978021, 18.045791601804702, 1.4959282875061035, 0.82290661334991455, 0.62813723087310791], [10, 425.37520877121403, 20.957902940665761, 1.3855940103530884, 0.99773663282394409, 0.56217443943023682], [11, 552.34705756290145, 20.497433810072401, 1.4406366348266602, 1.3019230365753174, 1.2064691781997681], [12, 729.12850828348712, 17.800002287118755, 2.0668680667877197, 1.676030158996582, -0.92972159385681152], [13, 391.53723452833145, 25.082731022715436, 1.4032567739486694, 0.94330954551696777, 0.8650776743888855], [14, 505.19335229045868, 24.845172476212454, 1.5799671411514282, 1.326323390007019, -1.4189099073410034], [15, 686.57733944706433, 32.240194631436218, 1.0013540983200073, 0.48211809992790222, 1.447871208190918], [16, 65.808914684847593, 36.812046496470515, 0.94389545917510986, 0.44046944379806519, 0.78400295972824097], [17, 318.45221036423402, 43.796416534473536, 1.1908266544342041, 0.62353003025054932, 1.5138031244277954], [18, 124.31045101488388, 48.854157904566428, 0.86886692047119141, 0.59731990098953247, 1.023996114730835], [19, 584.64363307108238, 51.105670183295672, 0.89175307750701904, 0.68997663259506226, 0.34536388516426086], [20, 451.86774760610336, 49.479458398698149, 1.9313477277755737, 1.5599743127822876, 1.4344305992126465], [21, 692.0126234200834, 53.325626923297605, 1.7584043741226196, 1.4675997495651245, -0.80947685241699219], [22, 71.454391281068339, 56.775443950870851, 0.92980337142944336, 0.76580870151519775, 1.1591035127639771], [23, 262.16200157037946, 62.212450679757247, 0.69860237836837769, 0.54386299848556519, 0.8381531834602356], [24, 469.73729393262352, 60.780133486388955, 1.1939327716827393, 0.93363624811172485, -1.5539053678512573], [25, 297.31758112254835, 64.321188894685349, 0.9539952278137207, 0.7519647479057312, -0.76085716485977173], [26, 97.292902852999873, 63.928755895563803, 2.0424537658691406, 1.5061260461807251, 1.0112451314926147], [27, 420.00102929836697, 67.163451019442263, 0.94306385517120361, 0.46956703066825867, 0.62213730812072754], [28, 559.9113716048837, 67.974850285109468, 0.79461491107940674, 0.78200304508209229, -1.3485664129257202], [29, 651.16161884772146, 66.350417003393019, 1.8659141063690186, 1.6058368682861328, -1.2639617919921875], [30, 70.18509624955405, 70.684331290917115, 1.4523656368255615, 1.0900341272354126, 0.66219961643218994], [31, 32.69461404848321, 72.22661053776622, 1.6527180671691895, 1.2748948335647583, 0.84126895666122437], [32, 134.32823619804358, 75.201956833472025, 1.3315967321395874, 0.85682129859924316, 0.60273772478103638], [33, 446.22603222158165, 75.306186271550189, 0.9406774640083313, 0.83351713418960571, 1.3218214511871338], [34, 459.64432596483277, 77.691926025686371, 1.236804723739624, 1.0937685966491699, 0.22886998951435089], [35, 738.07915130939296, 79.557728532251957, 1.8288469314575195, 0.80256849527359009, -0.60158956050872803], [36, 228.28970177499616, 81.571925937014143, 1.0118772983551025, 0.47403392195701599, 0.15933555364608765], [37, 554.14738548796186, 79.079599378587318, 1.3231348991394043, 1.0882805585861206, 1.2452894449234009], [38, 600.65633624952716, 80.31461484360149, 1.3946691751480103, 0.54875576496124268, 1.0961418151855469], [39, 74.053019736973653, 81.95112663551312, 1.8395873308181763, 1.337486743927002, 0.90237176418304443], [40, 678.76166062010475, 89.998089191214504, 1.6737593412399292, 1.3669575452804565, -0.70904874801635742], [41, 341.00062288743254, 93.308892915718417, 1.2271463871002197, 1.1991357803344727, 1.4901602268218994], [42, 137.83345555420564, 95.721731472944086, 1.0193485021591187, 0.8655095100402832, 1.2211329936981201], [43, 539.79062274471187, 94.968916808692967, 1.1288535594940186, 0.84872478246688843, -1.5548502206802368], [44, 693.48419155723786, 93.699704254732438, 1.6095267534255981, 1.3530744314193726, 1.3673653602600098], [45, 211.02029129542248, 96.32894147126936, 1.1644442081451416, 0.76228362321853638, 1.5504090785980225], [46, 359.36457566172601, 96.335390009820401, 1.5120270252227783, 1.4515756368637085, 1.3739042282104492], [47, 745.52186290960162, 96.235945061608106, 1.4571985006332397, 1.1765474081039429, -0.62764811515808105], [48, 169.22012873999216, 104.04123331218499, 1.2970424890518188, 1.0976706743240356, -1.1928702592849731], [49, 219.06761039659295, 101.86250421527377, 1.9145481586456299, 1.4563362598419189, 1.041357159614563], [50, 375.63712441004719, 103.3582496284496, 1.7823913097381592, 1.279175877571106, 1.2796105146408081], [51, 421.61371766833969, 107.41271786459413, 1.6813263893127441, 0.88854384422302246, 0.32154947519302368], [52, 640.4339640882971, 105.56835020940925, 1.6960265636444092, 1.5900347232818604, -0.95355796813964844], [53, 495.82404060075891, 109.12451896336667, 0.81949597597122192, 0.6783294677734375, 0.81819236278533936], [54, 388.25619408098044, 108.60161568889511, 1.6767587661743164, 1.2490954399108887, 1.3050657510757446], [55, 69.846302004914435, 110.66439284447705, 2.1923928260803223, 1.7145298719406128, 0.81872230768203735], [56, 539.78678329096715, 114.06331172268094, 1.494762659072876, 0.67293632030487061, 0.45104148983955383], [57, 473.7498143508372, 112.98177055414894, 1.5422571897506714, 1.1050245761871338, -1.5454025268554688], [58, 175.72942088356837, 115.36249178043184, 2.0072546005249023, 1.5542622804641724, 1.0664385557174683], [59, 156.13614660848765, 123.13469960531678, 0.83778232336044312, 0.65299397706985474, -0.78060466051101685], [60, 66.748415325868706, 121.30738101195456, 1.7027316093444824, 1.2864230871200562, 0.96536606550216675], [61, 167.52843985872391, 122.69918231963874, 1.3372476100921631, 1.032130241394043, 0.16113488376140594], [62, 573.76740107841078, 122.63037881924882, 1.3836383819580078, 1.1403989791870117, -0.98599052429199219], [63, 135.04245781087056, 122.8441049106421, 1.8141506910324097, 1.3433235883712769, 0.85958272218704224], [64, 544.71072164137502, 127.4376782758071, 1.6550852060317993, 0.85168832540512085, 1.3325574398040771], [65, 634.84280394534801, 131.05130881465186, 0.83732277154922485, 0.65155786275863647, 0.83824312686920166], [66, 485.67648181551669, 132.69106838197706, 0.91339212656021118, 0.84730881452560425, -1.2864247560501099], [67, 589.02317840736384, 137.34741609969979, 1.2575372457504272, 1.0425901412963867, 0.86790835857391357], [68, 308.54435568032653, 131.32031306658831, 2.110393762588501, 1.7396703958511353, 1.1612217426300049], [69, 237.14464965997962, 143.34426288138224, 0.8659965991973877, 0.77714437246322632, 1.2917457818984985], [70, 278.61346615590799, 141.68682879495827, 1.6985299587249756, 1.243782639503479, 1.2234412431716919], [71, 36.245733756917403, 144.34910320452627, 0.98222869634628296, 0.84661400318145752, 1.3220223188400269], [72, 325.23458556454892, 145.69625953375518, 1.0845187902450562, 0.83055120706558228, 0.37399685382843018], [73, 675.9875491817337, 147.99282803012812, 0.88660579919815063, 0.5368199348449707, -0.80303549766540527], [74, 432.8542811645911, 146.31182762455134, 1.8604521751403809, 1.5932047367095947, 0.9316856861114502], [75, 643.11542441394022, 153.07501971227839, 1.6204104423522949, 1.2433652877807617, -1.0004913806915283], [76, 630.22418422149406, 150.86488872148007, 1.9841279983520508, 1.804505467414856, -0.80702364444732666], [77, 709.74977391962773, 151.87466571599168, 2.0436992645263672, 1.918403148651123, -0.81319475173950195], [78, 438.57336373296096, 158.2509227636279, 1.4336379766464233, 0.69446426630020142, -1.0424658060073853], [79, 479.09107581734867, 158.23314695219167, 0.85398632287979126, 0.68783557415008545, 1.0251344442367554], [80, 43.81474247890722, 160.36511727879514, 1.2775189876556396, 0.90259444713592529, 0.22960206866264343], [81, 188.55380234223801, 159.28145932106568, 1.6004228591918945, 1.1882604360580444, 1.0341979265213013], [82, 341.7195183004369, 160.80838081975369, 1.6754912137985229, 1.4176890850067139, 1.279746413230896], [83, 587.01632410836532, 163.29769584867856, 0.68753063678741455, 0.64219838380813599, 0.11224225908517838], [84, 157.80885250496553, 165.36028112941366, 0.74285966157913208, 0.66155105829238892, 1.1195648908615112], [85, 733.82819136030901, 167.14325450604605, 0.82514292001724243, 0.67435175180435181, 0.77021968364715576], [86, 393.03666967375705, 166.53741552679205, 1.5249742269515991, 1.2864376306533813, 1.1971654891967773], [87, 683.41900060893011, 168.07624200997941, 1.719077467918396, 1.6775565147399902, -0.62739133834838867], [88, 284.65671680695226, 174.08167708146016, 0.95546591281890869, 0.69257199764251709, 0.36315426230430603], [89, 235.10485897328772, 177.08981360439958, 1.1991451978683472, 0.50931018590927124, 0.59402745962142944], [90, 535.96886965584031, 177.51434644900047, 0.78593796491622925, 0.49967643618583679, -0.017878985032439232], [91, 555.94262126281285, 175.84994999974191, 1.1227517127990723, 0.72799879312515259, 1.3920977115631104], [92, 180.80077988251264, 177.73766648427338, 1.5405700206756592, 0.54410731792449951, -0.71943575143814087], [93, 437.79412643507527, 178.20024232937203, 0.96635472774505615, 0.44336968660354614, -0.78313010931015015], [94, 34.790494259405229, 177.87289424255673, 1.8596607446670532, 1.0991405248641968, 1.0282484292984009], [95, 227.96360975634255, 179.2910442563313, 1.1158837080001831, 0.74786686897277832, -1.5135300159454346], [96, 664.96392706000404, 179.82206886596117, 1.8822603225708008, 1.2023130655288696, 0.30768001079559326], [97, 491.02879185059112, 181.42439182542321, 1.7250092029571533, 1.4979907274246216, 1.151350736618042], [98, 318.08245214251576, 185.72845617106356, 1.0019625425338745, 0.63690751791000366, 0.97718334197998047], [99, 695.97973437058749, 186.02222664753089, 0.88517767190933228, 0.53088301420211792, -0.72528451681137085], [100, 53.223070550589668, 186.22640000431102, 1.9103862047195435, 1.554632306098938, 0.71395814418792725], [101, 304.01456967982563, 188.49259695848312, 1.3732116222381592, 1.0461666584014893, -1.4928344488143921], [102, 591.61145344577017, 190.74921472652954, 1.4747676849365234, 1.0318020582199097, 1.3914691209793091], [103, 505.28171322093249, 195.09415724057527, 0.97422856092453003, 0.66873234510421753, -0.38506060838699341], [104, 403.41478573943959, 194.83109224971932, 1.7297823429107666, 1.1940953731536865, 1.1204006671905518], [105, 532.21255101022314, 197.66350374704714, 1.0838327407836914, 0.86770951747894287, -0.51583379507064819], [106, 600.30202457626103, 198.61830147756592, 1.3825724124908447, 0.62281012535095215, 0.40301844477653503], [107, 30.693375897191924, 196.86901260165175, 2.9158730506896973, 2.0032052993774414, -0.036665335297584534], [108, 207.29728927477305, 200.36732355108492, 1.0594823360443115, 0.80807530879974365, 0.42101180553436279], [109, 228.83624522091682, 202.70557410146543, 1.142163872718811, 0.94136959314346313, 1.1782041788101196], [110, 356.77567886377801, 197.44972757430446, 1.7094542980194092, 1.4096440076828003, 1.1124438047409058], [111, 352.45507185339272, 201.9406795465483, 1.7612882852554321, 1.5007284879684448, 0.99081933498382568], [112, 307.23095833513941, 207.81047534771889, 1.2970771789550781, 0.61169034242630005, 1.5200624465942383], [113, 280.87604990319079, 210.13048887797805, 1.6764672994613647, 1.3641766309738159, 1.0201621055603027], [114, 84.281373966628422, 214.72402509332204, 0.94669795036315918, 0.61593562364578247, 1.4248189926147461], [115, 159.12721057407214, 219.22335880153344, 0.74615746736526489, 0.6543617844581604, -0.78758019208908081], [116, 268.36269782247598, 218.28877088592822, 1.4014708995819092, 1.0920137166976929, -0.18904554843902588], [117, 625.36386647231484, 219.66209107502453, 1.1851948499679565, 1.0488489866256714, -0.73644071817398071], [118, 486.45146196534029, 221.35565660937405, 1.0021911859512329, 0.4743867814540863, -1.399667501449585], [119, 753.92518591716612, 223.85832390096107, 1.3573348522186279, 0.67523312568664551, -0.02107449434697628], [120, 619.20436527980007, 224.53333513894785, 1.3154391050338745, 1.1977798938751221, 0.085520215332508087], [121, 235.6675184448182, 226.08569214680585, 1.4953064918518066, 0.95309251546859741, 0.94389063119888306], [122, 581.75406065591881, 225.8183181129713, 1.5221973657608032, 1.1792920827865601, 1.1545852422714233], [123, 653.62026831181652, 228.04645392382676, 1.3656606674194336, 1.1561379432678223, -0.24028474092483521], [124, 305.9229560954052, 232.62286801519957, 1.2138669490814209, 0.7722899317741394, -0.1491205096244812], [125, 191.13631555283345, 233.06920194925181, 1.6402344703674316, 1.4541805982589722, 0.64187562465667725], [126, 371.40596932548539, 235.6142476799254, 1.0698142051696777, 0.92997771501541138, 0.69423073530197144], [127, 377.37131316024829, 238.13944026338962, 1.0519119501113892, 0.73864221572875977, 0.20902112126350403], [128, 650.64789105317732, 237.66737166152518, 0.93960767984390259, 0.81107842922210693, -0.22050890326499939], [129, 242.62536524300577, 236.54107819265252, 1.5847517251968384, 1.2525551319122314, 1.1673909425735474], [130, 66.502866822730098, 237.27858268218807, 1.9218354225158691, 1.4818993806838989, 0.66406327486038208], [131, 40.610811633278907, 238.43586313791468, 1.8056492805480957, 1.4620597362518311, 0.29611444473266602], [132, 349.47734696629851, 240.19191647817433, 1.3736296892166138, 0.75692898035049438, 1.0366208553314209], [133, 110.44527722221601, 244.92497569864071, 1.7253086566925049, 1.4426584243774414, 0.63815516233444214], [134, 547.51961029517474, 244.87495836275465, 1.634482741355896, 1.4290357828140259, 1.0518485307693481], [135, 476.49043508766869, 248.95169466520431, 0.78638654947280884, 0.49968478083610535, -1.5461657047271729], [136, 438.30304816781114, 249.26182708570471, 1.9315979480743408, 1.7522984743118286, -0.69772326946258545], [137, 450.35271448338716, 251.36103959286388, 1.5535974502563477, 1.2740088701248169, 1.5328818559646606], [138, 587.16783803498947, 254.68148330607468, 1.4466211795806885, 1.4265894889831543, -1.1863093376159668], [139, 538.66431021175242, 259.95496651147135, 0.99336725473403931, 0.82759082317352295, -0.60067415237426758], [140, 44.612553871142985, 258.3201037280478, 2.1176607608795166, 1.057448148727417, 0.60046517848968506], [141, 244.70155534264276, 257.99458947047401, 1.7585306167602539, 1.5462824106216431, 0.82039934396743774], [142, 389.61812080228481, 260.28060399422174, 1.6123448610305786, 1.4100662469863892, 1.0107910633087158], [143, 228.1470594503125, 267.7473150854957, 1.4278196096420288, 1.1557300090789795, 1.20606529712677], [144, 449.81998157901774, 268.19466739738903, 1.1874237060546875, 0.92704927921295166, -0.26215621829032898], [145, 361.77833678015833, 265.25697713735849, 1.6543756723403931, 1.3381823301315308, 0.97485637664794922], [146, 368.36686779714967, 268.13674584682474, 1.443395733833313, 1.0197277069091797, 1.5638959407806396], [147, 200.09406325335254, 272.84508726272998, 0.85236853361129761, 0.66844111680984497, 0.79500919580459595], [148, 528.95554901688922, 272.42648477345858, 1.2178763151168823, 1.0543698072433472, -0.099930271506309509], [149, 97.588632760587657, 274.77648077643494, 0.74430388212203979, 0.45337137579917908, 1.2407457828521729], [150, 294.09092718427826, 278.07602011535153, 1.4302177429199219, 1.1357272863388062, 1.2899982929229736], [151, 312.71996982858678, 280.59247720771111, 1.8130377531051636, 1.5315548181533813, 1.024811863899231], [152, 606.01400716998978, 282.25178244897006, 1.4715903997421265, 1.3143935203552246, 0.81525957584381104], [153, 9.3200178629973305, 286.19717539909675, 1.1750234365463257, 0.86245602369308472, 0.10939479619264603], [154, 421.86846311970646, 279.95130224271946, 1.928400993347168, 1.6451011896133423, 1.1342387199401855], [155, 596.15631527001051, 289.41363834787524, 0.98932957649230957, 0.80577546358108521, 0.95892989635467529], [156, 413.76361509150342, 294.31101074975811, 1.1867676973342896, 0.9937739372253418, 0.66491544246673584], [157, 78.89448246465831, 296.41694580130036, 0.99837625026702881, 0.89464908838272095, 1.2939331531524658], [158, 621.27118591901478, 298.39813388790202, 1.3650012016296387, 1.2116917371749878, 0.82985097169876099], [159, 375.77781569322144, 303.17129094683219, 1.1577562093734741, 1.0040283203125, 0.78877353668212891], [160, 6.3608321542211463, 303.7023197744241, 1.1590965986251831, 1.0580734014511108, -1.4665671586990356], [161, 40.543273147509389, 302.6280959010079, 1.8644007444381714, 1.6012994050979614, 0.48274216055870056], [162, 672.46037429432909, 304.73622617229114, 0.99040412902832031, 0.92816543579101563, 0.31033176183700562], [163, 404.50479329759474, 301.45980858441698, 1.7881889343261719, 1.488126277923584, 1.2754015922546387], [164, 498.67562892609743, 305.00320057622918, 1.4008351564407349, 0.97033339738845825, 0.73835140466690063], [165, 52.819216673668073, 307.86143464243787, 0.8367428183555603, 0.65863919258117676, -0.84713709354400635], [166, 165.59597964038969, 307.19115610985421, 1.2162611484527588, 0.95236396789550781, 1.2214745283126831], [167, 760.40271816379686, 308.74542278829938, 0.97986894845962524, 0.58124375343322754, 0.34023240208625793], [168, 296.23074697327019, 313.67401558702466, 1.0913646221160889, 0.93921685218811035, 0.27396345138549805], [169, 359.83487133829544, 312.72929831123162, 1.3179421424865723, 1.0987788438796997, 1.2347762584686279], [170, 230.59993645335817, 314.90107119555728, 1.1500872373580933, 0.91296213865280151, 1.3130180835723877], [171, 253.54048085225088, 315.21413503831849, 1.4593961238861084, 1.3542124032974243, 0.24127666652202606], [172, 719.53554684140829, 320.48079334384715, 1.0498307943344116, 0.49928462505340576, 0.020142007619142532], [173, 481.66274543682715, 320.47824363491634, 1.1338567733764648, 0.85377490520477295, 0.57896769046783447], [174, 172.17288130436157, 320.70534848901059, 1.3312383890151978, 1.0609633922576904, 1.2352968454360962], [175, 449.43753342343859, 324.37562873287851, 1.1040356159210205, 0.94459939002990723, 1.143913745880127], [176, 71.204794360378031, 326.74312181694035, 1.84098219871521, 1.6374461650848389, 0.67583483457565308], [177, 155.02144910413867, 330.04868461575222, 1.3330609798431396, 1.1704739332199097, 0.74353688955307007], [178, 286.06599969720247, 331.19492657967891, 0.92616474628448486, 0.75287646055221558, 1.4982914924621582], [179, 491.23090130209658, 333.68140414540704, 1.0049117803573608, 0.77457869052886963, -0.98759883642196655], [180, 663.86794941575886, 333.39598176538971, 1.131787896156311, 0.90013742446899414, 0.20009782910346985], [181, 690.56005686893843, 337.71382888942719, 1.2805185317993164, 1.035326361656189, 0.8093717098236084], [182, 53.038935677156914, 339.17513471818552, 1.1594420671463013, 1.064203143119812, 1.3293304443359375], [183, 756.75099658297563, 340.46176181741572, 1.7450007200241089, 1.4795578718185425, 0.19654706120491028], [184, 57.913295654301812, 342.99982250928554, 0.94015181064605713, 0.71072620153427124, -1.3249098062515259], [185, 301.29969613779986, 343.11523588731598, 1.2503701448440552, 1.0367259979248047, 0.60684609413146973], [186, 628.27040887083888, 344.43425434861365, 1.2263714075088501, 0.99019652605056763, -0.068970039486885071], [187, 354.72235220158029, 345.22277238694085, 1.1375640630722046, 0.70141911506652832, 1.3671759366989136], [188, 109.73184378127884, 349.33841303244884, 1.7218022346496582, 1.6096875667572021, -1.0683439970016479], [189, 472.12659390640522, 350.26696363220458, 1.4126052856445313, 1.2348777055740356, 0.95100855827331543], [190, 729.29001069069272, 357.47741551170805, 1.1214767694473267, 0.98371326923370361, -0.18878380954265594], [191, 130.80477044143743, 356.62786311249062, 1.5071903467178345, 1.3110768795013428, 0.60957431793212891], [192, 471.02126663757718, 360.47586697067663, 0.95843726396560669, 0.64061665534973145, 1.0842350721359253], [193, 523.23643628158197, 361.55951021114959, 1.5082106590270996, 0.9766806960105896, -1.5548025369644165], [194, 77.859050981499536, 367.12972333312746, 0.83737313747406006, 0.66474407911300659, 0.84635078907012939], [195, 314.26492896756866, 366.72068291609742, 1.5013686418533325, 1.4027343988418579, -1.1166257858276367], [196, 357.50289112192604, 366.72635479240824, 1.6062456369400024, 1.2998025417327881, 1.4375495910644531], [197, 691.89878522591334, 369.50233895896639, 0.77141565084457397, 0.49999377131462097, 0.0014693804550915956], [198, 124.49315976929803, 374.11297545051036, 0.89584749937057495, 0.67858904600143433, 0.64427042007446289], [199, 560.7416615969172, 375.36026661542996, 1.088356614112854, 0.86254680156707764, 0.99533689022064209], [200, 489.68989062852387, 377.11837532729766, 1.2962256669998169, 0.78141331672668457, 1.1909095048904419], [201, 713.22228299235326, 382.48851801595077, 1.3655493259429932, 1.0847762823104858, 1.0719341039657593], [202, 87.21760814546667, 383.78692393744006, 1.5312216281890869, 1.2516211271286011, 0.30988356471061707], [203, 42.074933546430586, 387.34571403830699, 0.67658984661102295, 0.61792492866516113, 0.0046251155436038971], [204, 126.43044947380588, 388.75837411873323, 1.2169148921966553, 0.70052856206893921, 0.27129393815994263], [205, 356.34578696287264, 386.64523736477457, 1.5731949806213379, 1.3528423309326172, 1.2087112665176392], [206, 230.18013135589607, 394.35338514580707, 0.85603678226470947, 0.7845645546913147, 1.1289525032043457], [207, 320.95033377565494, 396.26563446101284, 0.84988176822662354, 0.74827843904495239, -0.64817661046981812], [208, 149.34550614993617, 396.87445884730545, 1.6158906221389771, 1.4810503721237183, 0.43961814045906067], [209, 669.51275507924379, 397.37762372634586, 1.7270619869232178, 1.4511287212371826, 0.52253997325897217], [210, 311.06739811217523, 401.39217114619822, 0.89278882741928101, 0.63960719108581543, 1.1004015207290649], [211, 572.59930414869211, 401.05724897510021, 1.4037512540817261, 1.2379375696182251, 0.92581057548522949], [212, 41.858066958513838, 403.82488626397839, 0.74851077795028687, 0.56254982948303223, 0.78484487533569336], [213, 209.43088796651713, 403.97287411552514, 1.0439963340759277, 0.76990056037902832, 0.097138889133930206], [214, 366.35793273999906, 401.10549925493075, 1.6050397157669067, 1.4308459758758545, 1.1751883029937744], [215, 542.03697525924179, 402.82537893466622, 1.152391791343689, 1.0951130390167236, 0.46294382214546204], [216, 14.649461709766086, 403.14412005617402, 1.5805853605270386, 1.407102108001709, 0.90625125169754028], [217, 278.78322364240006, 401.89048129809635, 1.7317185401916504, 1.5106145143508911, 1.0047022104263306], [218, 437.54829994113624, 405.34475320496455, 0.98601704835891724, 0.47383534908294678, 1.3939282894134521], [219, 631.46949343936512, 404.98228139517255, 1.2446682453155518, 0.92493081092834473, 1.1582918167114258], [220, 531.24533459668521, 405.75443423580873, 1.5078632831573486, 1.3134396076202393, 1.0034866333007813], [221, 395.08619433918983, 408.11342043426981, 1.1383599042892456, 0.70681542158126831, 1.3821209669113159], [222, 463.29853144380189, 419.65899854964198, 0.87140119075775146, 0.49724772572517395, 0.77868741750717163], [223, 761.61095855202359, 416.96572974413266, 1.3971210718154907, 0.89997154474258423, 1.5028054714202881], [224, 168.53890791056341, 420.28335683069599, 1.0152909755706787, 0.48834434151649475, 1.4581820964813232], [225, 344.84552134394693, 421.25542421991975, 1.2114729881286621, 1.1038339138031006, -0.43092197179794312], [226, 326.78519597407416, 422.29902454214977, 1.4739128351211548, 1.3506568670272827, 1.0286338329315186], [227, 377.8021041094305, 425.11745316164092, 0.82769161462783813, 0.65622127056121826, 0.86580908298492432], [228, 584.13914002310787, 424.15692970339239, 0.88765662908554077, 0.85828232765197754, -0.81218993663787842], [229, 101.12127666281128, 431.23075737845858, 1.4940789937973022, 1.3078509569168091, 0.79643476009368896], [230, 255.25475544958675, 431.11817207179041, 1.5315347909927368, 1.3977643251419067, 1.1964707374572754], [231, 734.15142953625605, 433.48370232220714, 1.6003251075744629, 1.1723682880401611, 0.37778246402740479], [232, 4.5543030925026677, 433.37487439398888, 1.6441692113876343, 0.93744659423828125, 1.5344322919845581], [233, 206.84604526015511, 434.40409026958997, 1.1522852182388306, 1.0765177011489868, -0.58835864067077637], [234, 624.86869314065711, 436.16747131809853, 0.85605764389038086, 0.65998369455337524, 0.76843708753585815], [235, 380.40682241003202, 438.59170276176786, 1.0912516117095947, 0.31786853075027466, 0.36732906103134155], [236, 365.22390432821499, 437.544138710342, 1.2235239744186401, 0.93562060594558716, 1.3640363216400146], [237, 664.58802866321696, 444.34953122637984, 0.9568982720375061, 0.8376811146736145, 0.25290721654891968], [238, 112.39169269571747, 446.38269128643577, 1.0460824966430664, 0.8717418909072876, 0.91717499494552612], [239, 456.80869841592772, 447.80358959342232, 0.74187970161437988, 0.56218409538269043, 0.7625700831413269], [240, 498.97714051428289, 447.22176205032372, 1.6346373558044434, 1.0159614086151123, -0.032229859381914139], [241, 656.78700227507431, 448.57932463176678, 0.74125730991363525, 0.45445466041564941, 0.33552169799804688], [242, 734.19702008695162, 449.20446788380173, 0.75502002239227295, 0.55812829732894897, 0.65756845474243164], [243, 465.11038801947751, 451.21787935308026, 0.7099071741104126, 0.54604727029800415, 0.83369839191436768], [244, 605.22794721810999, 450.8789236618988, 1.2466996908187866, 0.97848629951477051, 0.57064318656921387], [245, 542.35155639108007, 457.69074441678208, 0.88392770290374756, 0.50800895690917969, 0.81204867362976074], [246, 64.575287499048557, 458.85102809813287, 1.6279525756835938, 1.5757418870925903, 0.86540806293487549], [247, 297.33611898854713, 459.08080718101394, 1.5883586406707764, 1.304119348526001, 1.3098175525665283], [248, 439.37093088897421, 462.78473106972933, 1.0067110061645508, 0.58423042297363281, 0.34359672665596008], [249, 686.50822551116084, 463.36136086385841, 1.0241622924804688, 0.61185616254806519, -0.11548476666212082], [250, 196.83265093807631, 462.68979562940956, 1.1635334491729736, 0.99277889728546143, -0.50354039669036865], [251, 338.30950911201199, 463.21752053365162, 1.1276929378509521, 0.93679970502853394, 0.085853733122348785], [252, 613.32133656576445, 465.02588256855125, 1.5153313875198364, 1.0670137405395508, 0.98399835824966431], [253, 349.0060161078901, 465.78415543278874, 1.4960824251174927, 1.3070430755615234, 0.97265219688415527], [254, 547.72953771215941, 470.2899142731269, 1.0751138925552368, 0.8521113395690918, 1.0352230072021484], [255, 557.8377948670676, 470.50419265545759, 1.0237170457839966, 0.72009384632110596, 0.82795709371566772], [256, 27.182971826752194, 472.36393927317101, 0.89996904134750366, 0.78549236059188843, 1.079634428024292], [257, 107.26345145624917, 474.54934682087639, 1.1584727764129639, 0.74460452795028687, 1.0247420072555542], [258, 549.90376290100005, 476.3339414458635, 1.0087485313415527, 0.72497463226318359, -1.2745527029037476], [259, 368.90758191341649, 481.72851683119569, 1.0009142160415649, 0.82975119352340698, -1.028580904006958], [260, 18.667304043881586, 482.10200332116096, 1.3573600053787231, 1.2423239946365356, 0.059977538883686066], [261, 383.30412387112051, 484.25446726094896, 1.3913881778717041, 1.2133362293243408, -0.89585733413696289], [262, 610.28182700989623, 483.57038829995759, 1.6381497383117676, 1.265596866607666, 0.46172630786895752], [263, 696.67314930116709, 482.84517163761075, 1.7927350997924805, 1.4510173797607422, 0.72722196578979492], [264, 225.39741305810071, 496.77177400956168, 1.4356333017349243, 1.2772771120071411, 1.3534682989120483], [265, 551.82118055094156, 497.75559385757464, 1.1561845541000366, 0.88340574502944946, 1.2504409551620483], [266, 580.74828781031204, 494.79211084134454, 1.7661898136138916, 1.4530724287033081, 0.9197050929069519], [267, 50.599757171091291, 498.1029221159917, 1.5255101919174194, 1.4879873991012573, 0.78123539686203003], [268, 683.75662395245081, 500.59791396470411, 0.73078209161758423, 0.45338717103004456, 0.33178830146789551], [269, 275.94842549375494, 499.31294996605334, 1.3247910737991333, 1.1056990623474121, -1.3084347248077393], [270, 37.456897283588042, 505.74920391239624, 1.4284987449645996, 1.0363783836364746, 0.15288946032524109], [271, 244.80121979621811, 506.64063336714571, 0.75363683700561523, 0.44541165232658386, 0.29785963892936707], [272, 287.1919050924061, 506.73418588573008, 1.446677565574646, 0.44144293665885925, 0.01225637923926115], [273, 360.43305833002745, 504.96792845947431, 1.3932644128799438, 1.2266584634780884, 0.68709927797317505], [274, 398.18719651861517, 503.83920876630685, 1.7781124114990234, 1.0299390554428101, -1.5161995887756348], [275, 622.23151029132805, 506.79715799242939, 1.4077854156494141, 0.80156946182250977, 0.12932337820529938]]
[03/09/19 08:37:20.476] 

[03/09/19 08:37:20.477] Found 0stars.
